1.000000000000000000e+01 5.628900041857643919e-04 5.704676105102013785e-04 6.235334661711436875e-04 6.934675602931175860e-04 8.197397866637001025e-04 9.145809081046886837e-04 9.558051796838695638e-04
1.100000000000000000e+01 3.999765752476328604e-04 4.151945991126414106e-04 4.640159697881875481e-04 6.395700707212972035e-04 7.753000405797932492e-04 9.046961709063876473e-04 9.541072795115087104e-04
1.200000000000000000e+01 2.511395896733680726e-04 2.571797922050329767e-04 2.842477346623117841e-04 4.591564132268714012e-04 6.650130052317291098e-04 7.386682293466766830e-04 7.622771519188718033e-04
1.300000000000000000e+01 1.973474646603202640e-04 2.019354862221495487e-04 2.211550007949510252e-04 2.824512304091096214e-04 4.624195920205157189e-04 5.024801523261951961e-04 5.456330983762664550e-04
1.400000000000000000e+01 1.295064503815074417e-04 1.333217334739741499e-04 1.534208953948590110e-04 2.243052384799897720e-04 2.880339923111102196e-04 3.081922373862462324e-04 3.174336829472538656e-04
1.500000000000000000e+01 1.030022847096322949e-04 1.046317750538208681e-04 1.147230034783861642e-04 1.384333571240287889e-04 2.212882763081106278e-04 2.434513193741906110e-04 2.555797539120115147e-04
1.600000000000000000e+01 8.572915435215213169e-05 9.325271746379266220e-05 9.966223409191158136e-05 1.146348440705254295e-04 1.399364876024770683e-04 1.660124748977450662e-04 1.725691373271148700e-04
1.700000000000000000e+01 8.575434397324827387e-05 8.982222382943086901e-05 9.441855073381303558e-05 1.045934868377276219e-04 1.233666169443821078e-04 1.333676806927285680e-04 1.377849518936258603e-04
1.800000000000000000e+01 8.384801772051059309e-05 8.590999237097756834e-05 9.013699133757114722e-05 9.782732825567249150e-05 1.054809335802792044e-04 1.088499430119688606e-04 1.139268003873789530e-04
1.900000000000000000e+01 7.936643296177366385e-05 8.061143102576736924e-05 8.579322533113406513e-05 9.334848803080518184e-05 1.036168905676471255e-04 1.083892711045824226e-04 1.139268003873789530e-04
2.000000000000000000e+01 6.292005951359254108e-05 6.362300382796002728e-05 6.764258343876674141e-05 8.448465458412621448e-05 9.670812383309836710e-05 1.048975141901372277e-04 1.068287171403688591e-04
2.100000000000000000e+01 5.457575509750733992e-05 5.506051662507578616e-05 5.745278117721029849e-05 6.797298466711210814e-05 8.561616163494120506e-05 9.612053894076478611e-05 1.005265339965041800e-04
2.200000000000000000e+01 5.143158434303016994e-05 5.214340425193991839e-05 5.468516849757314218e-05 6.372651171275667378e-05 7.205423465175268447e-05 7.841737214380182272e-05 8.053469396033931889e-05
2.300000000000000000e+01 5.003771023661972891e-05 5.050153954991631119e-05 5.205941227784573736e-05 5.766641243788101417e-05 6.418703084419586388e-05 6.757788561488026571e-05 6.938476270179198032e-05
2.400000000000000000e+01 5.004025587544434951e-05 5.051348417931921918e-05 5.211276606236887957e-05 5.535287958912502742e-05 6.545368934089918021e-05 6.780211031928337054e-05 6.882109473625816921e-05
2.500000000000000000e+01 5.004089228515050635e-05 5.051853522774043051e-05 5.305308522923455358e-05 5.662256748736818753e-05 6.739056912265765529e-05 6.883580950926578674e-05 6.998566628174848466e-05
2.600000000000000000e+01 5.270116680470479642e-05 5.297259880087793512e-05 5.362983679881724121e-05 5.656938556481878752e-05 6.734360287230972729e-05 6.881760646263545666e-05 6.998169743308222637e-05
2.700000000000000000e+01 4.643793485532476050e-05 4.678016359081281456e-05 4.728198598936395026e-05 5.628486323255152608e-05 6.664443029842199659e-05 6.843129144797352535e-05 6.997723247833269767e-05
2.800000000000000000e+01 4.212868151855118172e-05 4.242405699261998656e-05 4.321636463826015258e-05 5.140867488609594192e-05 5.812329285662816810e-05 6.649301934224620392e-05 6.692400486245397070e-05
2.900000000000000000e+01 3.511211836537753622e-05 3.553105006242062184e-05 3.676800059509966433e-05 4.357360195420980324e-05 5.217976747608730359e-05 5.795350735412037123e-05 5.884231842702949869e-05
3.000000000000000000e+01 3.387247827841407616e-05 3.407893717696032542e-05 3.501875978504500133e-05 4.234936928288898051e-05 4.359485977416315629e-05 5.135970136061438222e-05 5.259992607070175416e-05
3.100000000000000000e+01 3.283831591593453202e-05 3.316117417388792817e-05 3.379523863058730656e-05 3.659916115838368909e-05 4.269105459967439958e-05 4.357145388559788225e-05 4.429002466182658799e-05
3.200000000000000000e+01 3.217233601023112335e-05 3.237080394010779388e-05 3.289599800905814933e-05 3.479259489010649690e-05 4.101193218451755593e-05 4.265475280248243520e-05 4.321475247663132159e-05
3.300000000000000000e+01 2.784950298577461338e-05 2.838044608011426609e-05 2.893912799509040939e-05 3.303395034660361101e-05 3.904086989179006932e-05 4.098289572725175820e-05 4.142834567538035932e-05
3.400000000000000000e+01 2.486578728741988117e-05 2.517877402533535424e-05 2.581149260304136959e-05 2.963017415893434017e-05 3.325863101715324235e-05 3.900823933220379133e-05 3.962846684453940639e-05
3.500000000000000000e+01 2.329985631982776204e-05 2.359680029914407892e-05 2.412397313776577288e-05 2.784928044572065268e-05 2.969153179482361519e-05 3.313034529299808837e-05 3.333707500810185792e-05
3.600000000000000000e+01 2.330263495982306081e-05 2.359648606024292310e-05 2.387555434046119643e-05 2.580973567626730053e-05 2.875449521381432820e-05 2.962984844640659723e-05 2.989816113969197007e-05
3.700000000000000000e+01 2.330920265435740645e-05 2.359676779167154521e-05 2.388548720969634317e-05 2.547833967157002447e-05 2.865275310384856285e-05 2.904703548393262051e-05 2.923553161461730446e-05
3.800000000000000000e+01 2.360487325972629647e-05 2.377529017515363194e-05 2.448160956369372889e-05 2.563613892874054464e-05 2.888405117967475933e-05 2.915882006253885225e-05 2.944555764075953725e-05
3.900000000000000000e+01 2.441679445048024622e-05 2.460065476671009083e-05 2.494787360232144413e-05 2.713960398102534840e-05 2.908618809297027188e-05 2.957646017718144497e-05 2.984660499053282134e-05
4.000000000000000000e+01 2.467551345192395634e-05 2.481571838819070995e-05 2.531084655841825862e-05 2.835950807129201912e-05 3.057911903817313082e-05 3.144080893759447173e-05 3.179409775024966795e-05
4.100000000000000000e+01 2.526270648674835487e-05 2.534998861919770329e-05 2.582878247303608974e-05 2.982142047538955415e-05 3.299382582399085673e-05 3.388572226333911452e-05 3.411816500161790643e-05
4.200000000000000000e+01 2.720939306486340286e-05 2.744406250330146452e-05 2.994560659258304353e-05 3.081056865354470141e-05 3.358458194365093773e-05 3.397547376005770656e-05 3.419079659209121614e-05
4.300000000000000000e+01 2.695436572590160970e-05 2.725977736611192919e-05 2.812238975536821760e-05 3.059483953738832424e-05 3.358335096850015284e-05 3.397230765731347007e-05 3.419066312398199117e-05
4.400000000000000000e+01 2.517475215905855425e-05 2.550119875382997193e-05 2.610030966905204597e-05 2.894366380438103434e-05 3.308445264156973070e-05 3.382946534054762067e-05 3.409763716267329229e-05
4.500000000000000000e+01 2.380492558658921644e-05 2.403494461439606276e-05 2.504396934174495437e-05 2.678240293858110343e-05 2.926624261234678825e-05 3.104827071602294758e-05 3.144428460376892968e-05
4.600000000000000000e+01 2.273750961277508779e-05 2.310436868143354833e-05 2.366451200618186295e-05 2.550952854109960892e-05 2.829783121385015762e-05 2.886836442884037162e-05 2.929754601049155451e-05
4.700000000000000000e+01 2.237377871335386766e-05 2.268245042976087673e-05 2.309662010904782779e-05 2.466576926412008779e-05 2.567634410447892262e-05 2.663387200863254913e-05 2.689066870726682467e-05
4.800000000000000000e+01 2.237490159042958876e-05 2.268410057362492700e-05 2.310768224479252831e-05 2.446431195854379355e-05 2.567149318695319607e-05 2.706172848423909539e-05 2.754137210794469330e-05
4.900000000000000000e+01 2.237538282346204308e-05 2.268600325130084935e-05 2.324757571211669824e-05 2.487764674213086742e-05 2.700506086050652476e-05 2.767160601499025468e-05 2.795905189765123365e-05
5.000000000000000000e+01 2.368736912198515660e-05 2.394911870406842930e-05 2.421582287769934785e-05 2.493198760165051000e-05 2.738961402819331997e-05 2.775355746535887165e-05 2.800497459032312857e-05
5.100000000000000000e+01 2.393217697978259893e-05 2.406053425915286164e-05 2.448740318396231896e-05 2.568133237568858389e-05 2.772207245193347033e-05 2.849609707808255140e-05 2.878606368807943981e-05
5.200000000000000000e+01 2.393209932339409747e-05 2.405745853519827230e-05 2.457662706959350596e-05 2.658743969084172073e-05 2.854874967392988973e-05 2.981345741330621393e-05 3.006221700721108770e-05
5.300000000000000000e+01 2.487526199393419197e-05 2.515884142964679927e-05 2.569467904281967275e-05 2.786768047281111739e-05 3.006270125363572741e-05 3.195551828494073673e-05 3.220756018735267346e-05
5.400000000000000000e+01 2.597829786308224640e-05 2.619859655599837198e-05 2.701982526916132094e-05 2.817529623863496846e-05 3.141250340174847844e-05 3.195500775131815711e-05 3.220750851246946962e-05
5.500000000000000000e+01 2.724660138417268131e-05 2.744272687973676244e-05 2.765447707544943742e-05 2.822216217774244903e-05 3.150369402520962990e-05 3.198771607529162279e-05 3.220714678828705632e-05
5.600000000000000000e+01 2.721445657973020445e-05 2.739670824537292229e-05 2.760017275804775244e-05 2.814157135517640098e-05 3.089656259680061828e-05 3.177394682350889412e-05 3.201781550862341480e-05
5.700000000000000000e+01 2.620822107716421870e-05 2.648444623538085329e-05 2.721879173499365271e-05 2.810222763551930365e-05 3.053508154779842614e-05 3.146716772919463056e-05 3.201942421276145526e-05
5.800000000000000000e+01 2.331484439903850841e-05 2.347533209803732759e-05 2.402468589288751921e-05 2.714665301943241328e-05 2.963562256330890896e-05 3.076416724383783673e-05 3.111494868894361295e-05
5.900000000000000000e+01 2.225087871320025472e-05 2.241553357033289025e-05 2.291862696444946641e-05 2.479518893281824852e-05 2.714102485990191086e-05 2.946362493754609441e-05 2.979829064323328457e-05
6.000000000000000000e+01 2.202372616222943367e-05 2.217186907031266452e-05 2.250951678390609466e-05 2.394996571178576372e-05 2.535969990542912429e-05 2.623209608255606774e-05 2.634669516761513103e-05
6.100000000000000000e+01 2.202459422456406319e-05 2.217317538983806894e-05 2.251310361777740976e-05 2.351793368415056558e-05 2.474059171152461327e-05 2.495592027948076804e-05 2.506175415925273998e-05
6.200000000000000000e+01 2.202390891219461883e-05 2.217196822014089460e-05 2.264867362532834642e-05 2.353711867081446251e-05 2.465787605743450982e-05 2.493094122669853692e-05 2.505148513540777580e-05
6.300000000000000000e+01 2.256809795363436463e-05 2.267895435593228910e-05 2.290359963594557001e-05 2.382530462292082435e-05 2.477393757245159266e-05 2.494089128109389992e-05 2.505106795769811807e-05
6.400000000000000000e+01 2.254891968391431928e-05 2.267540500829553249e-05 2.288192318805891716e-05 2.373016098875612405e-05 2.471053337019645459e-05 2.490316848780472407e-05 2.505349326648989491e-05
6.500000000000000000e+01 2.255217730394102330e-05 2.273860444729120824e-05 2.296448163559323020e-05 2.422608443949987819e-05 2.492077286438239826e-05 2.540273754441687207e-05 2.565317506629381821e-05
6.600000000000000000e+01 2.257491308372182938e-05 2.281413473238947255e-05 2.332213576919080298e-05 2.485850873999274096e-05 2.626349339565183511e-05 2.701175143703414411e-05 2.729839211941794143e-05
6.700000000000000000e+01 2.327260073141865701e-05 2.355590309565703749e-05 2.409128210021710802e-05 2.561677763932190046e-05 2.704195980256666261e-05 2.776141732608159408e-05 2.830188689812320575e-05
6.800000000000000000e+01 2.472652930483898605e-05 2.490662387236690915e-05 2.556147756963620922e-05 2.659999303282354683e-05 2.765181093776118305e-05 2.822845994382812895e-05 2.862749312574962784e-05
6.900000000000000000e+01 2.530205339180056258e-05 2.555653796203502680e-05 2.613844959270741292e-05 2.730304638590108060e-05 2.844004661532768214e-05 2.943635273916456210e-05 2.976676192524918695e-05
7.000000000000000000e+01 2.545834686678729279e-05 2.570253100554641048e-05 2.666381546976228528e-05 2.800015239452900587e-05 2.996482266021796218e-05 3.090485818447883054e-05 3.128714875463996079e-05
7.100000000000000000e+01 2.639802462456829462e-05 2.663429966350513683e-05 2.774554371255610075e-05 3.008901614270531897e-05 3.351136533765492907e-05 3.468696406275895800e-05 3.518319611748894627e-05
7.200000000000000000e+01 2.759885088761215873e-05 2.778483211670793951e-05 2.994211511140417223e-05 3.135075061207090149e-05 3.439201616373149833e-05 3.486192277231557390e-05 3.548378879773392329e-05
7.300000000000000000e+01 3.054827814194052975e-05 3.081365684871553321e-05 3.128065690788682979e-05 3.288776888313642516e-05 3.472480623357053432e-05 3.526272621033108267e-05 3.602105568126399499e-05
7.400000000000000000e+01 3.081365260543875563e-05 3.109390463650320112e-05 3.148268239404950527e-05 3.322041493937869796e-05 3.504449665685873831e-05 3.571112574858541748e-05 3.604751541487638289e-05
7.500000000000000000e+01 3.122845165095436117e-05 3.142357607933113681e-05 3.191151975833848034e-05 3.341786622163395420e-05 3.548015474619606053e-05 3.604501125285133016e-05 3.645604883401975908e-05
7.600000000000000000e+01 3.145384213108700375e-05 3.177974470562378202e-05 3.220195961357947482e-05 3.380576184957701489e-05 3.572740495518473343e-05 3.608244524338996573e-05 3.641146160510413742e-05
7.700000000000000000e+01 3.150239949983884733e-05 3.167109519720931639e-05 3.204443698279428978e-05 3.392036074054550191e-05 3.566493004097692651e-05 3.608033053262117771e-05 3.641000777352326528e-05
7.800000000000000000e+01 2.714987598876598843e-05 2.730998592374176212e-05 2.780255063470205549e-05 3.208255278671329040e-05 3.528077620763697811e-05 3.591046390335102945e-05 3.616695602841214893e-05
7.900000000000000000e+01 2.562389181075176391e-05 2.581008383504511587e-05 2.631000378752798016e-05 2.918082427318769112e-05 3.451094734159954166e-05 3.527645307467091272e-05 3.551737775378876544e-05
8.000000000000000000e+01 2.486019035280246902e-05 2.505823009728625254e-05 2.560027289679400812e-05 2.781064727212676242e-05 2.992129938225893693e-05 3.047697973660040908e-05 3.069743807530409452e-05
8.100000000000000000e+01 2.368458719611630432e-05 2.395400838265257179e-05 2.457660292991750632e-05 2.635697366604609405e-05 2.842671566574798224e-05 2.903768738724622393e-05 2.921977295388914297e-05
8.200000000000000000e+01 2.262532539273033280e-05 2.289596068677927682e-05 2.362946669355252708e-05 2.549172595566280883e-05 2.782918617479215656e-05 2.826504346751480273e-05 2.844779983115522609e-05
8.300000000000000000e+01 2.221079949878614705e-05 2.239649861680298792e-05 2.291095927996747837e-05 2.458445873446564309e-05 2.639290199310366253e-05 2.707122217661097003e-05 2.727456281809183462e-05
8.400000000000000000e+01 2.165377389406079119e-05 2.180352752685325591e-05 2.232709887538388837e-05 2.373300424897708361e-05 2.526382778081191224e-05 2.584021975195901040e-05 2.597560389094286486e-05
8.500000000000000000e+01 2.165454043691703988e-05 2.179819158564590774e-05 2.202772394624686380e-05 2.337821358032982593e-05 2.455192515922381642e-05 2.523456026950885288e-05 2.535977011729240147e-05
8.600000000000000000e+01 2.126813996885245042e-05 2.143268486030283496e-05 2.183118396016894128e-05 2.294483918541595019e-05 2.419446739589285888e-05 2.443398784414972294e-05 2.459243556480500238e-05
8.700000000000000000e+01 2.126765301134668848e-05 2.143166789390135702e-05 2.189965059178136054e-05 2.373245603370333578e-05 2.518706421630962909e-05 2.608297726848725665e-05 2.622432369215386584e-05
8.800000000000000000e+01 2.126899214448753806e-05 2.143517803238927360e-05 2.233925885592375727e-05 2.529077176295400307e-05 2.750985813725211841e-05 2.816645462857025114e-05 2.839492409540062676e-05
8.900000000000000000e+01 2.339787155331009928e-05 2.367590512309604743e-05 2.468354339444835206e-05 2.633096344856506197e-05 2.844949947477257843e-05 2.925824934742612284e-05 2.941471604096292520e-05
9.000000000000000000e+01 2.498158639877446830e-05 2.539747328612903892e-05 2.574674627186339100e-05 2.717266808355467471e-05 2.850579780407644639e-05 2.925504827735987969e-05 2.941283443460833316e-05
9.100000000000000000e+01 2.498009185637839081e-05 2.550232338724163139e-05 2.598037292867713799e-05 2.717723618274004653e-05 2.865290098895461324e-05 2.925760859981825797e-05 2.941354003699130602e-05
9.200000000000000000e+01 2.498407730276792964e-05 2.550411401105412922e-05 2.599640446121420851e-05 2.724727982365741802e-05 2.849050730667023032e-05 2.880725081340086477e-05 2.900517640610896644e-05
9.300000000000000000e+01 2.532610146172583585e-05 2.603301237858693479e-05 2.642962730922673382e-05 2.824237218732567571e-05 2.959319725354744919e-05 3.012461508571018709e-05 3.037664371406817240e-05
9.400000000000000000e+01 2.605085424985077456e-05 2.651240590057795627e-05 2.724640242000974641e-05 2.886452451744070811e-05 3.087616037222514382e-05 3.167535540648227707e-05 3.192773132552704097e-05
9.500000000000000000e+01 2.746186993757099182e-05 2.795547552319926671e-05 2.870584404076090851e-05 3.036768324926558159e-05 3.230203479410323031e-05 3.315072360406329173e-05 3.337239098568294893e-05
9.600000000000000000e+01 2.839901980704319262e-05 2.870433240872719008e-05 2.903306555708878113e-05 3.089183714259856838e-05 3.228386519295651293e-05 3.314946747932671022e-05 3.337223591360950769e-05
9.700000000000000000e+01 2.681924378052129098e-05 2.703375235498401766e-05 2.736392283586583179e-05 2.937615629199799116e-05 3.189938467138216419e-05 3.313805555525707049e-05 3.337173192937081351e-05
9.800000000000000000e+01 2.539192118788909303e-05 2.553158035224683677e-05 2.683769532776599754e-05 2.859735953350794327e-05 3.065518138916323526e-05 3.109949829325032512e-05 3.176654557489859291e-05
9.900000000000000000e+01 2.431166904011713536e-05 2.443319897804949596e-05 2.486436180251931128e-05 2.694662311893476254e-05 2.896548510143222733e-05 2.932450764479866014e-05 2.973889403511845465e-05
1.000000000000000000e+02 2.278075826660112200e-05 2.290741356808698216e-05 2.328168029428354522e-05 2.539351858874001387e-05 2.727855367784919670e-05 2.762727939476543589e-05 2.825350523509213117e-05
1.010000000000000000e+02 2.152401843702811128e-05 2.162998753975762969e-05 2.190542033080246313e-05 2.429365408141750656e-05 2.634221891557051912e-05 2.668243677375660371e-05 2.715139773869507253e-05
1.020000000000000000e+02 2.082910700343871253e-05 2.094317657542349182e-05 2.121509346394117904e-05 2.298877074070373633e-05 2.400718464260397713e-05 2.513838320766945621e-05 2.558285501622173350e-05
1.030000000000000000e+02 2.082937461384986894e-05 2.093804676376966709e-05 2.109730485306206648e-05 2.251128913479076086e-05 2.352961651359089873e-05 2.386713425867911895e-05 2.469221378185802702e-05
1.040000000000000000e+02 2.061004974276094332e-05 2.071281216248394718e-05 2.095072987993405338e-05 2.229101843639217040e-05 2.298903116570462967e-05 2.315585028920843201e-05 2.401503554807011594e-05
1.050000000000000000e+02 2.060976286908652728e-05 2.071201491450101127e-05 2.099873796194926068e-05 2.229101843639217040e-05 2.309613727067751511e-05 2.324198588284945527e-05 2.404853512167397654e-05
1.060000000000000000e+02 2.061028445758546462e-05 2.071352782462167655e-05 2.106531024700153328e-05 2.246845338977682526e-05 2.350411650928649243e-05 2.368123473852981145e-05 2.435301947852632780e-05
1.070000000000000000e+02 2.106647191886780538e-05 2.120313603701063246e-05 2.160325108054680202e-05 2.300086149644348820e-05 2.432660616492546488e-05 2.456093479194847051e-05 2.483482725484190563e-05
1.080000000000000000e+02 2.145219368283604263e-05 2.161686376107127170e-05 2.210832481711267261e-05 2.333881384836502832e-05 2.441898796076086159e-05 2.462624321908785593e-05 2.513418066680563656e-05
1.090000000000000000e+02 2.209699333394492095e-05 2.216022580404721789e-05 2.231415944805824878e-05 2.369269693606290667e-05 2.447662969469979567e-05 2.467669793960032510e-05 2.513613655984504405e-05
