1.200000000000000000e+01 1.091793476356920853e-02 1.116536236146675395e-02 1.184482750733664713e-02 1.348223586241762730e-02 1.481208962986841488e-02 1.566830855141710874e-02 1.582944527109782576e-02
1.300000000000000000e+01 1.064711277272800856e-02 1.089595184435348044e-02 1.144196735358444725e-02 1.301478210645517879e-02 1.421153203003913158e-02 1.552034293949445913e-02 1.582062946376512624e-02
1.400000000000000000e+01 8.488854256783983504e-03 8.715559739262804945e-03 9.836016857521846443e-03 1.165603529671896746e-02 1.339703132049851336e-02 1.418946369889030265e-02 1.455719804592062183e-02
1.500000000000000000e+01 5.867601007265462604e-03 6.261660711646619727e-03 7.409755263966279898e-03 9.420360899616307682e-03 1.237440289216032094e-02 1.333905290481814457e-02 1.350915427621458831e-02
1.600000000000000000e+01 4.336870140331619203e-03 4.662075260140004923e-03 5.642009487888827342e-03 7.236766509061938815e-03 9.595235388850448938e-03 1.046801207865538132e-02 1.063844063154784948e-02
1.700000000000000000e+01 2.375271337702350005e-03 2.609921191562399913e-03 3.113273217617322768e-03 5.664159224975063092e-03 7.564248025725642081e-03 8.219995432923166839e-03 8.388947800637109459e-03
1.800000000000000000e+01 1.820013571755885358e-03 1.993094590399570321e-03 2.376768893062766990e-03 3.112849577059321766e-03 5.674206047620985495e-03 6.078441527013657940e-03 6.238998308948505607e-03
1.900000000000000000e+01 1.444857750949734166e-03 1.586456759606788905e-03 1.852453775309788808e-03 2.384595658837699011e-03 3.130349476990022719e-03 3.388698070289031857e-03 3.446280995188003970e-03
2.000000000000000000e+01 1.381611655838127332e-03 1.450917622554022358e-03 1.589789848819530161e-03 1.824848325171286607e-03 2.382167079667886576e-03 2.557913486441435076e-03 2.681366309782541330e-03
2.100000000000000000e+01 1.255983351995645968e-03 1.345117400200871415e-03 1.467721692352678183e-03 1.646483831271443408e-03 1.839434077900156195e-03 1.994961710228762911e-03 2.049371071608047535e-03
2.200000000000000000e+01 1.095188711990049144e-03 1.190792289906000443e-03 1.350976341639349449e-03 1.511169487761447258e-03 1.680991455277934228e-03 1.780925027694775335e-03 1.848608196882670172e-03
2.300000000000000000e+01 9.359624413052359876e-04 1.017564349576034451e-03 1.178817030257953450e-03 1.372320167101750196e-03 1.562262936072151241e-03 1.683553041488718236e-03 1.769856261854165945e-03
2.400000000000000000e+01 7.590641595893601141e-04 7.966026787640387774e-04 9.386135516719662812e-04 1.171952629287743419e-03 1.400424703977513809e-03 1.551905604282670034e-03 1.639766425401918519e-03
2.500000000000000000e+01 5.934857160524831905e-04 6.395889761319924725e-04 7.488367949534141966e-04 9.397513363890144713e-04 1.193227833165942968e-03 1.377072727155227759e-03 1.497245067248959135e-03
2.600000000000000000e+01 5.384313604582168997e-04 5.658092191834345483e-04 6.394515582511468886e-04 7.653116541957514628e-04 9.581087216571059764e-04 1.102005199466635785e-03 1.207649094465625518e-03
2.700000000000000000e+01 5.114343878599931018e-04 5.219721706962068396e-04 5.727095735556460331e-04 6.527795129472012403e-04 7.625512144697283107e-04 8.474939168598820145e-04 9.529704372248863197e-04
2.800000000000000000e+01 4.978543401016605327e-04 5.080147485888261184e-04 5.387506405717863191e-04 6.059750933025624241e-04 6.637671335371896639e-04 7.303058610252720177e-04 7.790674982417087821e-04
2.900000000000000000e+01 4.734329849832837143e-04 4.826662686970762295e-04 5.161050440535666682e-04 5.747483735629973015e-04 6.192428557562183744e-04 6.584007901231674802e-04 7.039452252721701501e-04
3.000000000000000000e+01 4.447808185698670343e-04 4.523979803574438782e-04 4.846886159163851055e-04 5.410159689155605734e-04 5.946421336453139349e-04 6.275196761024597102e-04 6.409957059197144997e-04
3.100000000000000000e+01 4.050967718185030696e-04 4.144151862074732778e-04 4.510145101274845407e-04 4.980438854012352815e-04 5.604437800129476654e-04 5.992000879482504982e-04 6.159494953462154015e-04
3.200000000000000000e+01 3.779597565347925800e-04 3.834511790418276269e-04 4.101153109641626359e-04 4.555480773214452090e-04 5.099243221042355691e-04 5.568549177050229407e-04 5.652444144808555729e-04
3.300000000000000000e+01 3.561185552110407112e-04 3.656069569832199185e-04 3.832335986745711480e-04 4.173158605876066277e-04 4.629317141848647609e-04 4.993141419029059266e-04 5.123053811976463739e-04
3.400000000000000000e+01 3.144311273480011751e-04 3.199871362322373892e-04 3.506161835481849979e-04 3.847359544876942676e-04 4.254707649597757571e-04 4.623740988799703890e-04 4.776066016123033174e-04
3.500000000000000000e+01 3.144406742985224865e-04 3.200599607768500935e-04 3.378570437638223197e-04 3.652767381454120801e-04 3.962725048002368523e-04 4.274108620766580270e-04 4.422446382466407627e-04
3.600000000000000000e+01 3.144406742985224865e-04 3.200599607768500935e-04 3.375698498370857605e-04 3.537885210108475918e-04 3.766087131009772577e-04 3.876754476642690211e-04 3.949380366392899692e-04
3.700000000000000000e+01 3.317173307358049360e-04 3.354188820069251031e-04 3.452292409582533072e-04 3.656862559205786693e-04 3.864028842705724467e-04 4.053974778739415303e-04 4.121915170221320413e-04
3.800000000000000000e+01 3.383476271979000798e-04 3.418482621856490161e-04 3.543928343369766006e-04 3.709369783004557689e-04 3.980594226665391160e-04 4.072377858257222741e-04 4.145234517620749893e-04
3.900000000000000000e+01 3.430360783888165561e-04 3.495280953872163462e-04 3.572877103704640814e-04 3.713268664639048046e-04 3.970141060834205351e-04 4.067210924439379461e-04 4.143767926455838176e-04
4.000000000000000000e+01 3.276531865110809548e-04 3.342433702890780641e-04 3.415430145808670374e-04 3.616594134276724824e-04 3.847045701422311509e-04 4.040357815404302085e-04 4.101522411664064514e-04
4.100000000000000000e+01 2.881491303691797209e-04 2.915440440126335162e-04 2.978766249622976032e-04 3.416446354793408586e-04 3.640556867297751607e-04 3.865231611629097309e-04 3.905230101923451652e-04
4.200000000000000000e+01 2.878862528892428595e-04 2.890063547481210330e-04 2.938513474829638735e-04 3.020197967705941602e-04 3.415772130462666899e-04 3.668974151796722521e-04 3.697004986773267418e-04
4.300000000000000000e+01 2.806630431998387320e-04 2.825278390814839010e-04 2.876101313788838928e-04 2.953845300198862595e-04 3.053160110009659010e-04 3.199189076698814036e-04 3.222553462278410718e-04
4.400000000000000000e+01 2.716714182239332630e-04 2.732441260016492878e-04 2.764521089361504668e-04 2.886815485647872869e-04 2.987898081632500138e-04 3.177079341736325190e-04 3.203074815241422637e-04
4.500000000000000000e+01 2.704987843102566987e-04 2.717523960454813997e-04 2.745243650897364403e-04 2.794775971898900762e-04 2.897264737999543727e-04 3.068072937668563593e-04 3.124963819358444941e-04
4.600000000000000000e+01 2.557493749027462651e-04 2.571881674038830104e-04 2.605010155317427807e-04 2.744876474561735438e-04 2.799760778353140717e-04 2.920661114346432565e-04 2.959313600067491664e-04
4.700000000000000000e+01 2.557510121809483325e-04 2.572461816186561324e-04 2.605346391446289149e-04 2.697053734074337378e-04 2.762895891959317191e-04 2.853817075906640919e-04 2.926171624021547198e-04
4.800000000000000000e+01 2.557546960569030518e-04 2.573535811281918331e-04 2.607033440556974393e-04 2.700402380576602101e-04 2.758604651602146051e-04 2.797835048365471060e-04 2.830936646338651371e-04
4.900000000000000000e+01 2.641147188291494965e-04 2.665336819228161791e-04 2.699484589925678010e-04 2.758020588406465069e-04 3.134340113430993330e-04 3.191758890082149096e-04 3.224625851862860694e-04
5.000000000000000000e+01 2.700490807154975613e-04 2.716781773016240897e-04 2.753148000880513944e-04 3.057235427163861410e-04 3.142711390903191507e-04 3.191932652311100290e-04 3.224511295301506772e-04
5.100000000000000000e+01 2.846457803928775809e-04 2.887552021526031652e-04 2.964300760157194685e-04 3.059003643262486489e-04 3.141352520626486400e-04 3.191680015054363913e-04 3.224282182178800013e-04
5.200000000000000000e+01 2.620639817562168917e-04 2.649401310943629798e-04 2.729015368410918525e-04 2.968985703397604209e-04 3.068468413964875810e-04 3.142457136301543162e-04 3.180911944975973365e-04
5.300000000000000000e+01 2.304278620536622673e-04 2.321487946536622906e-04 2.375750439357494491e-04 2.730995747611124108e-04 2.975299568285765385e-04 3.052311000177994273e-04 3.101217975880675394e-04
5.400000000000000000e+01 2.100581458264578160e-04 2.114037877045709583e-04 2.152501460410119396e-04 2.372708444502650139e-04 2.727549840326201971e-04 2.783885307941417315e-04 2.836259161601874506e-04
5.500000000000000000e+01 1.998865574058724119e-04 2.016762963001773987e-04 2.049055885021875377e-04 2.156141237889234606e-04 2.379446124306550418e-04 2.427215190587611647e-04 2.446565714172371461e-04
5.600000000000000000e+01 1.998919244033177010e-04 2.016889327048742968e-04 2.043448287388164707e-04 2.086986585398808297e-04 2.158712244382429138e-04 2.199402227370098918e-04 2.211436894553194758e-04
5.700000000000000000e+01 1.998897776043395854e-04 2.016843761706124704e-04 2.043031254109625651e-04 2.086086859772402812e-04 2.148454473034626009e-04 2.191487199925507511e-04 2.209818913475745841e-04
5.800000000000000000e+01 2.031124280092593307e-04 2.045872473914017145e-04 2.078741527289736015e-04 2.142841553144983740e-04 2.189622263988419296e-04 2.233281246090181049e-04 2.258935678198327251e-04
5.900000000000000000e+01 2.093514428274608256e-04 2.115802991717761691e-04 2.142352703330027664e-04 2.181067328115645786e-04 2.222726760584956733e-04 2.267953035111871163e-04 2.290465920218182625e-04
6.000000000000000000e+01 2.113882486403522202e-04 2.136624297753476225e-04 2.167913493936107013e-04 2.217480397527220207e-04 2.321880140226671491e-04 2.379558839212523084e-04 2.414639100171206345e-04
6.100000000000000000e+01 2.131905882693169770e-04 2.166027385313304757e-04 2.207675636116862615e-04 2.308945195528219231e-04 2.361051755957064495e-04 2.404385578850424610e-04 2.440337739340433436e-04
6.200000000000000000e+01 2.249565116497159278e-04 2.273256694596880530e-04 2.307552593226712694e-04 2.351843186688056886e-04 2.395302697121624131e-04 2.434242230188665365e-04 2.456846109686703782e-04
6.300000000000000000e+01 2.227524737548038309e-04 2.246848228845798451e-04 2.278240391630326862e-04 2.334571629385648328e-04 2.390305909531651666e-04 2.432981557236366501e-04 2.456799953496363207e-04
6.400000000000000000e+01 2.178847276747189325e-04 2.195152925126737117e-04 2.221235490815106608e-04 2.279963645469602223e-04 2.385057851807702767e-04 2.429895148071945551e-04 2.456799953496363207e-04
6.500000000000000000e+01 2.167231374239644794e-04 2.187222259637646782e-04 2.209776982042820916e-04 2.242014108754500270e-04 2.284958482572089675e-04 2.322098206453267709e-04 2.345833273154104934e-04
6.600000000000000000e+01 2.137056544650485490e-04 2.152357186126281792e-04 2.179472731092156005e-04 2.216385016773267369e-04 2.244670179921036878e-04 2.268864525895654979e-04 2.284980756981488872e-04
6.700000000000000000e+01 2.111594482015789482e-04 2.122070405609097839e-04 2.148846011046290556e-04 2.193066834071565529e-04 2.233858462276407662e-04 2.266040770787322188e-04 2.284887909006534797e-04
6.800000000000000000e+01 2.111605204346165491e-04 2.122342142781118840e-04 2.147426176311751516e-04 2.176941712195413863e-04 2.210960477465725364e-04 2.238901686823307710e-04 2.252767571523418030e-04
6.900000000000000000e+01 2.111608778456290647e-04 2.121602311593107158e-04 2.144072956936794575e-04 2.169887332319189374e-04 2.203477012612402894e-04 2.228270385358832920e-04 2.244278666696779430e-04
7.000000000000000000e+01 2.086469990970409331e-04 2.100569037490323122e-04 2.122606168621668738e-04 2.162622773032875617e-04 2.199871737074168246e-04 2.227256441541580799e-04 2.244272045645407331e-04
7.100000000000000000e+01 2.022007578028408594e-04 2.039064628179527267e-04 2.065556171370066759e-04 2.121369800066536036e-04 2.168807551980336628e-04 2.213146971868310963e-04 2.240543632655486164e-04
7.200000000000000000e+01 1.904330003256465712e-04 1.924286837335121582e-04 1.954255753330347062e-04 2.067509789151524002e-04 2.124541520993579252e-04 2.166151683530377809e-04 2.185798593716533429e-04
7.300000000000000000e+01 1.887943640209530788e-04 1.908706834452133399e-04 1.929804210163801913e-04 1.960706158432014789e-04 2.069452851354498021e-04 2.107382511142383719e-04 2.129491310263782885e-04
7.400000000000000000e+01 1.886096328517808092e-04 1.901100565332831081e-04 1.922156630191082863e-04 1.941580566704570032e-04 1.963130394785500023e-04 1.984628005393980889e-04 1.996779160512010868e-04
7.500000000000000000e+01 1.886181954144557104e-04 1.901787514441432864e-04 1.924496265149212143e-04 1.948345498804846909e-04 2.027301556487272837e-04 2.051392581936626464e-04 2.070063316253538085e-04
7.600000000000000000e+01 1.890805151210229031e-04 1.911053108369610229e-04 1.935480134756404280e-04 2.027690765178332441e-04 2.141632590167763593e-04 2.169072117995917153e-04 2.187018870464266468e-04
7.700000000000000000e+01 1.981888457247036413e-04 1.994982178740651636e-04 2.024740732240086028e-04 2.138707757579521359e-04 2.229956248351602310e-04 2.259806970618793835e-04 2.276883349302700750e-04
7.800000000000000000e+01 2.092541736269990080e-04 2.109040235924403237e-04 2.138141450766845215e-04 2.229396190290589843e-04 2.327784062181916793e-04 2.358795263349749624e-04 2.381848061746356558e-04
7.900000000000000000e+01 2.176955808912951166e-04 2.197467313049389619e-04 2.218413996882184411e-04 2.246495531817439524e-04 2.327888365425382516e-04 2.358833896286284515e-04 2.381942738263355787e-04
8.000000000000000000e+01 2.117944942874536445e-04 2.129174970861504479e-04 2.147776821314096327e-04 2.233997190402695662e-04 2.327298304609982417e-04 2.358688541332527855e-04 2.381185326127373877e-04
8.100000000000000000e+01 2.041772997977469239e-04 2.055655739781153636e-04 2.076797034119356609e-04 2.148328327397516996e-04 2.234990536390531017e-04 2.260905331830769796e-04 2.280135229104659860e-04
8.200000000000000000e+01 2.010258693559093576e-04 2.026487085652387791e-04 2.055547158308659546e-04 2.083988992027351864e-04 2.151293354446959119e-04 2.179479940107322510e-04 2.193209242622065722e-04
8.300000000000000000e+01 1.911679128225854580e-04 1.928867384158012383e-04 1.965633085442992358e-04 2.055702587885062751e-04 2.083698506634433013e-04 2.102847504492536641e-04 2.118195302213737505e-04
8.400000000000000000e+01 1.806249207961438657e-04 1.817682523355613935e-04 1.850457980513516476e-04 1.964993899929146884e-04 2.059666814471823734e-04 2.084009165514008263e-04 2.097544110645727458e-04
8.500000000000000000e+01 1.785386008101285944e-04 1.794512646916913761e-04 1.817371881866092383e-04 1.853450788807075840e-04 1.967251354906655327e-04 1.990466041992567390e-04 2.000892079280855039e-04
8.600000000000000000e+01 1.785402985434538826e-04 1.794710640469467317e-04 1.817699658449670208e-04 1.854592420025122010e-04 1.901381435507591851e-04 1.923836636941933444e-04 1.938468098133605620e-04
8.700000000000000000e+01 1.785391667212370148e-04 1.794578644767764856e-04 1.822077369408885877e-04 1.899913858467201116e-04 2.066628009082468759e-04 2.092889309057407500e-04 2.104845205805689809e-04
8.800000000000000000e+01 1.864525777969915771e-04 1.878764000619261747e-04 1.899905145724919183e-04 2.059643144273127678e-04 2.088044038870332355e-04 2.111332366930310190e-04 2.128551905905597943e-04
8.900000000000000000e+01 1.987856396802164724e-04 1.998763598299837976e-04 2.023590901951248522e-04 2.061098937464415481e-04 2.087984123292543741e-04 2.111177978619778798e-04 2.128539926249279355e-04
9.000000000000000000e+01 1.909756788277167691e-04 1.920492815352498289e-04 1.946073991478689338e-04 2.025459067232115887e-04 2.080802103931143074e-04 2.111053885955143066e-04 2.128509977108483154e-04
9.100000000000000000e+01 1.909736772867510861e-04 1.920425485058904628e-04 1.945107552939980325e-04 1.990748846717001663e-04 2.026736993147032343e-04 2.062349323524685499e-04 2.078727684677210484e-04
9.200000000000000000e+01 1.909781807539238593e-04 1.920587134669429655e-04 1.944391187607344548e-04 1.980899017836037167e-04 2.002244245812207261e-04 2.021226114148866023e-04 2.031839263918851148e-04
9.300000000000000000e+01 1.931981607381856765e-04 1.945375989152300434e-04 1.966223293522987995e-04 1.987011362663022992e-04 2.004016899607287221e-04 2.021274638712517108e-04 2.031839075166298877e-04
9.400000000000000000e+01 1.927157509956825933e-04 1.934885585179053609e-04 1.953919796697702472e-04 1.974730224154563841e-04 1.996449823395749336e-04 2.012451363988123449e-04 2.025346239527001178e-04
9.500000000000000000e+01 1.927170617778982181e-04 1.935408372351298239e-04 1.950912564094951101e-04 1.966786420596472462e-04 1.985730878398794786e-04 2.002925661882562177e-04 2.017699288089177699e-04
9.600000000000000000e+01 1.927223049067606630e-04 1.935621501441384020e-04 1.949550962706509489e-04 1.963526156423621557e-04 1.976135141538836598e-04 1.987950354480122928e-04 1.999692000788136066e-04
9.700000000000000000e+01 1.925723597257628344e-04 1.934096111099541896e-04 1.946019252715172848e-04 1.959964869788751243e-04 1.974353972220834147e-04 1.987248114422017107e-04 1.999674472823134328e-04
9.800000000000000000e+01 1.925723355515102011e-04 1.934146757768122641e-04 1.946370319894400412e-04 1.960093325938112429e-04 1.974406178691498395e-04 1.987340103287626916e-04 1.999896251218699031e-04
9.900000000000000000e+01 1.925724201613944313e-04 1.934282717703989559e-04 1.948154424044811969e-04 1.966687252906246729e-04 1.996607781486887912e-04 2.016642968151701788e-04 2.039995221721564896e-04
1.000000000000000000e+02 1.941874928417044750e-04 1.949293152480642425e-04 1.964491059564227966e-04 1.995507614893088908e-04 2.024050028176235599e-04 2.042640673492639235e-04 2.055982239145856636e-04
1.010000000000000000e+02 1.930908122808505287e-04 1.945703805046474866e-04 1.966352694185862534e-04 1.995527706005402772e-04 2.023417002892396077e-04 2.041933608042230343e-04 2.055760568234134722e-04
1.020000000000000000e+02 1.931091908541553799e-04 1.943006241253315012e-04 1.957139971449571277e-04 1.982759947256967589e-04 2.021683879760822436e-04 2.041347024524916491e-04 2.055662047828925104e-04
1.030000000000000000e+02 1.931229747841339980e-04 1.943073784157765870e-04 1.957300523670825107e-04 1.983104686877771639e-04 2.012943011233374476e-04 2.031731677793362830e-04 2.040779584422820194e-04
1.040000000000000000e+02 1.912422584571426740e-04 1.922419440766607375e-04 1.938984425785699221e-04 1.971618726005763822e-04 2.012926279219965676e-04 2.031731677793362830e-04 2.040779584422820194e-04
1.050000000000000000e+02 1.912421488855947128e-04 1.922161950974755190e-04 1.936028268320840763e-04 1.957746540544827874e-04 2.013016113283404372e-04 2.031741319538519282e-04 2.040810648959782937e-04
1.060000000000000000e+02 1.836387784262966669e-04 1.846497664249649429e-04 1.866641467447499375e-04 1.936348459979790105e-04 1.959188324394407332e-04 1.977355269930129928e-04 1.987253057181714193e-04
1.070000000000000000e+02 1.836424869223004684e-04 1.846769757846011969e-04 1.866922845322715172e-04 1.928664874826237457e-04 1.956683700302782529e-04 1.977339177333301251e-04 1.987236684445643905e-04
1.080000000000000000e+02 1.836446153520952937e-04 1.846920667858770399e-04 1.865330196835692661e-04 1.890637147910802771e-04 1.930986717521219998e-04 1.951137830493215517e-04 1.965688532833931269e-04
1.090000000000000000e+02 1.856238401888630574e-04 1.865713828698917014e-04 1.883558971101343294e-04 1.909776513735576017e-04 1.934963942879867329e-04 1.951912365894992076e-04 1.966040092174504690e-04
1.100000000000000000e+02 1.855961218374227494e-04 1.863145626685470957e-04 1.875368995445438351e-04 1.894741927082177057e-04 1.915110446236328900e-04 1.931984693476901914e-04 1.946746255331665925e-04
1.110000000000000000e+02 1.878445462749217542e-04 1.888323901837424366e-04 1.899693971520865913e-04 1.913458709850828767e-04 1.926734374186599716e-04 1.939628564247626748e-04 1.948873401489585665e-04
1.120000000000000000e+02 nan nan nan nan nan nan nan
1.130000000000000000e+02 nan nan nan nan nan nan nan
1.140000000000000000e+02 nan nan nan nan nan nan nan
1.150000000000000000e+02 nan nan nan nan nan nan nan
1.160000000000000000e+02 nan nan nan nan nan nan nan
1.170000000000000000e+02 nan nan nan nan nan nan nan
1.180000000000000000e+02 nan nan nan nan nan nan nan
1.190000000000000000e+02 nan nan nan nan nan nan nan
